-1 -1 8 -1 7 9 -1 2 4
-1 -1 7 8 -1 3 1 -1 -1 
-1 5 9 -1 -1 -1 -1 6 -1
-1 -1 -1 3 2 -1 -1 7 8
1 -1 -1 6 -1 8 -1 -1 3
5 8 -1 -1 9 4 -1 -1 -1
-1 2 -1 -1 -1 -1 4 5 -1
-1 -1 1 4 -1 5 6 -1 -1
4 3 -1 2 1 -1 7 -1 -1

618579324
247863195
359142867
964321578
172658943
583794216
826937451
791485632
435216789


-1 -1 3 8 6 -1 -1 -1 -1
-1 2 -1 -1 -1 -1 6 -1 3
1 -1 -1 -1 -1 -1 -1 2 -1
-1 -1 -1 3 -1 -1 -1 4 -1
-1 -1 7 -1 -1 1 -1 -1 -1
-1 -1 5 -1 -1 4 3 -1 -1 
-1 -1 -1 -1 1 -1 -1 7 4
2 7 -1 -1 -1 3 -1 -1 1
9 -1 -1 2 -1 -1 -1 -1 -1 




